877 737  834 784
834 784  809 861
809 861  856 857
809 861  720 858
720 858  640 754
640 754  529 747
529 747  525 710
525 710  327 714
327 714  207 659
207 659  0 0
327 714  281 778
281 778  319 927
319 927  296 1060
529 747  597 661
597 661  636 585
640 754  498 830
720 858  665 887
665 887  590 896
590 896  578 962
578 962  655 1005
655 1005  729 953
655 1005  640 1118
640 1118  764 1137
764 1137  572 1248
572 1248  226 1176
572 1248  407 1273
407 1273  300 1429
300 1429  0 2000
764 1137  829 1172
809 861  782 906
809 861  865 962
865 962  873 1056
877 737  784 688
784 688  844 630
844 630  964 589
964 589  1038 601
1038 601  1046 508
1046 508  943 483
943 483  865 469
865 469  916 401
865 469  809 511
1046 508  1038 420
1038 420  1093 424
1046 508  1110 515
1110 515  1196 467
1196 467  1174 416
1174 416  1165 356
1165 356  1089 331
1089 331  1100 298
1100 298  1155 276
1196 467  1270 416
1196 467  1219 527
1219 527  1190 566
1219 527  1330 512
1330 512  1380 471
1380 471  1452 467
1452 467  1456 434
1456 434  1443 375
1456 434  1509 426
1509 426  1582 413
1582 413  1553 342
1582 413  1633 420
1633 420  1711 455
1711 455  1800 471
1800 471  1829 469
1829 469  1886 471
1829 469  1851 525
1851 525  1895 597
1895 597  1907 609
1907 609  1985 593
1985 593  2022 684
2022 684  1919 684
1919 684  1975 661
1919 684  1831 657
2022 684  2115 704
2115 704  2014 735
2014 735  1932 776
1932 776  1880 776
1880 776  1851 729
1851 729  1785 690
1785 690  1767 632
1767 632  1732 619
1732 619  1674 576
1674 576  1615 560
1615 560  1555 599
1880 776  1868 815
1868 815  1833 737
1868 815  1728 1005
1728 1005  1536 1017
1536 1017  1417 1044
1536 1017  1616 817
2014 735  2086 815
2086 815  2028 949
2028 949  2107 962
2107 962  2527 2000
2115 704  2185 768
2185 768  2288 717
2185 768  2261 853
2022 684  2134 615
1985 593  2177 558
1829 469  1872 409
1872 409  1849 366
1849 366  1775 360
1775 360  1756 331
1756 331  1668 313
1668 313  1718 255
1718 255  1685 195
1685 195  1649 207
1649 207  1546 212
1546 212  1553 253
1553 253  1512 144
1512 144  1476 257
1476 257  1390 239
1390 239  1326 206
1390 239  1398 187
1685 195  1641 160
1685 195  1728 162
1728 162  1759 214
1756 331  1829 323
1829 323  1891 315
1891 315  1977 331
1977 331  2032 282
2032 282  2010 218
2010 218  2527 0
1977 331  1946 261
1946 261  1911 207
1911 207  1835 240
1872 409  1979 459
1979 459  2045 457
2045 457  2027 387
2045 457  2084 488
2084 488  2113 420
1380 471  1404 519
1404 519  1468 535
1468 535  1524 498
1404 519  1429 552
1429 552  1425 589
1219 527  1270 626
1270 626  1215 626
1215 626  1215 694
1215 694  1301 774
1301 774  1244 863
1244 863  1112 1027
1301 774  1483 694
1038 601  1097 659
1097 659  1071 700
877 737  949 764
949 764  1052 815
1052 815  998 821
1052 815  1147 828
