727 612  799 639
799 639  902 690
902 690  997 703
997 703  902 690
902 690  848 696
848 696  684 659
684 659  727 612
727 612  634 563
634 563  694 505
694 505  814 464
814 464  888 476
888 476  947 534
947 534  921 575
921 575  947 534
947 534  888 476
888 476  896 383
896 383  960 390
960 390  1046 342
1046 342  1069 402
1069 402  1120 501
1120 501  1065 501
1065 501  1065 569
1065 569  1151 649
1151 649  1333 569
1333 569  1151 649
1151 649  1094 738
1094 738  962 902
962 902  723 931
723 931  715 837
715 837  799 639
799 639  947 534
947 534  1069 402
1069 402  1180 387
1180 387  1069 402
1069 402  1040 441
1040 441  1069 402
1069 402  1180 387
1180 387  1254 394
1254 394  1318 410
1318 410  1374 373
1374 373  1318 410
1318 410  1254 394
1254 394  1279 427
1279 427  1275 464
1275 464  1405 474
1405 474  1465 435
1465 435  1524 451
1524 451  1582 494
1582 494  1617 507
1617 507  1635 565
1635 565  1701 604
1701 604  1730 651
1730 651  1718 690
1718 690  1466 692
1466 692  1386 892
1386 892  1267 919
1267 919  1386 892
1386 892  1578 880
1578 880  1718 690
1718 690  1683 612
1683 612  1718 690
1718 690  1782 651
1782 651  1864 610
1864 610  1936 690
1936 690  1878 824
1878 824  1957 837
1957 837  1936 690
1936 690  1864 610
1864 610  1965 579
1965 579  2035 643
2035 643  2111 728
2111 728  2138 592
2138 592  2035 643
2035 643  1872 559
1872 559  1984 490
1984 490  1872 559
1872 559  1681 532
1681 532  1872 559
1872 559  1835 468
1835 468  2027 433
2027 433  1835 468
1835 468  1757 484
1757 484  1745 472
1745 472  1701 400
1701 400  1679 344
1679 344  1722 284
1722 284  1829 334
1829 334  1895 332
1895 332  1934 363
1934 363  1963 295
1963 295  1877 262
1877 262  1895 332
1895 332  1829 334
1829 334  1722 284
1722 284  1679 344
1679 344  1736 346
1736 346  1679 344
1679 344  1699 241
1699 241  1606 206
1606 206  1679 198
1679 198  1606 206
1606 206  1518 188
1518 188  1568 130
1568 130  1535 70
1535 70  1578 37
1578 37  1609 89
1609 89  1578 37
1578 37  1761 82
1761 82  1860 93
1860 93  2377 -125
2377 -125  1860 93
1860 93  1882 157
1882 157  1827 206
1827 206  1796 136
1796 136  1827 206
1827 206  1741 190
1741 190  1685 115
1685 115  1761 82
1761 82  1578 37
1578 37  1491 35
1491 35  1535 70
1535 70  1362 19
1362 19  1240 114
1240 114  1176 81
1176 81  1240 114
1240 114  1362 19
1362 19  1535 70
1535 70  1499 82
1499 82  1396 87
1396 87  1403 128
1403 128  1362 19
1362 19  1326 132
1326 132  1240 114
1240 114  1248 62
1248 62  1240 114
1240 114  1362 19
1362 19  1403 128
1403 128  1518 188
1518 188  1606 206
1606 206  1625 235
1625 235  1561 330
1561 330  1650 346
1650 346  1561 330
1561 330  1483 295
1483 295  1432 288
1432 288  1359 301
1359 301  1306 309
1306 309  1302 342
1302 342  1230 346
1230 346  1306 309
1306 309  1293 250
1293 250  1403 217
1403 217  1432 288
1432 288  1679 344
1679 344  1701 400
1701 400  1745 472
1745 472  1835 468
1835 468  1872 559
1872 559  1769 559
1769 559  1825 536
1825 536  1769 559
1769 559  1872 559
1872 559  1965 579
1965 579  1864 610
1864 610  1936 690
1936 690  1957 837
1957 837  2377 1875
2377 1875  1957 837
1957 837  1878 824
1878 824  1718 690
1718 690  1730 651
1730 651  1635 565
1635 565  1617 507
1617 507  1465 435
1465 435  1374 373
1374 373  1302 342
1302 342  1230 346
1230 346  1120 291
1120 291  1015 231
1015 231  1005 151
1005 151  950 173
950 173  939 206
939 206  1015 231
1015 231  1024 291
1024 291  1015 231
1015 231  888 295
888 295  793 358
793 358  715 344
715 344  659 386
659 386  715 344
715 344  766 276
766 276  888 295
888 295  943 299
943 299  896 383
896 383  888 476
888 476  947 534
947 534  727 612
727 612  684 659
684 659  659 736
659 736  715 837
715 837  659 736
659 736  632 781
632 781  659 736
659 736  570 733
570 733  515 762
515 762  440 771
440 771  428 837
428 837  505 880
505 880  490 993
490 993  614 1012
614 1012  679 1047
679 1047  614 1012
614 1012  422 1123
422 1123  257 1148
257 1148  150 1304
150 1304  -150 1875
-150 1875  -150 -125
-150 -125  57 534
57 534  131 653
131 653  348 705
348 705  515 762
515 762  505 880
505 880  490 993
490 993  614 1012
614 1012  422 1123
422 1123  76 1051
76 1051  422 1123
422 1123  614 1012
614 1012  490 993
490 993  505 880
505 880  579 828
579 828  515 762
515 762  490 629
490 629  348 705
348 705  490 629
490 629  379 622
379 622  447 536
447 536  486 460
486 460  447 536
447 536  379 622
379 622  375 585
375 585  177 589
177 589  131 653
131 653  169 802
169 802  146 935
146 935  169 802
169 802  131 653
131 653  57 534
57 534  177 589
177 589  379 622
379 622  490 629
490 629  570 733
570 733  659 736
659 736  706 732
706 732  659 736
659 736  684 659
684 659  727 612
