1718 255  1685 195
1685 195  1512 144
1512 144  1100 298
1100 298  865 469
865 469  784 688
784 688  877 737
877 737  834 784

1718 255  1668 313
1668 313  1582 413
1582 413  1456 434
1456 434  1219 527
1219 527  1097 659
1097 659  877 737
877 737  834 784

1718 255  1668 313
1668 313  1582 413
1582 413  1456 434
1456 434  1219 527
1219 527  1097 659
1097 659  877 737
877 737  834 784

1633 420  1582 413
1582 413  1668 313
1668 313  1553 253
1553 253  1100 298
1100 298  865 469
865 469  784 688
784 688  597 661

1633 420  1582 413
1582 413  1456 434
1456 434  1196 467
1196 467  1110 515
1110 515  1046 508
1046 508  943 483
943 483  844 630
844 630  597 661

1633 420  1582 413
1582 413  1456 434
1456 434  1196 467
1196 467  1110 515
1110 515  1046 508
1046 508  943 483
943 483  844 630
844 630  597 661

1886 471  1829 469
1829 469  1872 409
1872 409  1979 459
1979 459  1985 593
1985 593  2022 684
2022 684  2185 768
2185 768  2261 853

1886 471  1829 469
1829 469  1851 525
1851 525  1895 597
1895 597  1985 593
1985 593  2022 684
2022 684  2185 768
2185 768  2261 853

2010 218  2032 282
2032 282  1977 331
1977 331  1849 366
1849 366  1872 409
1872 409  1829 469
1829 469  1851 525
1851 525  1767 632
1767 632  1301 774
1301 774  1244 863
1244 863  1112 1027
1112 1027  873 1056
873 1056  764 1137
764 1137  572 1248
572 1248  300 1429

207 659  327 714
327 714  529 747
529 747  640 754
640 754  877 737
877 737  949 764
949 764  1301 774
1301 774  1833 737
1833 737  2022 684
2022 684  2185 768
2185 768  2288 717

300 1429  572 1248
572 1248  764 1137
764 1137  873 1056
873 1056  865 962
865 962  949 764
949 764  1097 659
1097 659  1110 515
1110 515  1196 467
1196 467  1174 416
1174 416  1165 356
1165 356  1100 298
1100 298  1512 144

498 830  877 737
877 737  949 764
949 764  1301 774
1301 774  1767 632
1767 632  1895 597

