1568 130  1535 70
1535 70  1362 19
1362 19  950 173
950 173  715 344
715 344  634 563
634 563  727 612
727 612  684 659

1568 130  1518 188
1518 188  1432 288
1432 288  1306 309
1306 309  1069 402
1069 402  947 534
947 534  727 612
727 612  684 659

1568 130  1518 188
1518 188  1432 288
1432 288  1306 309
1306 309  1069 402
1069 402  947 534
947 534  727 612
727 612  684 659

1483 295  1432 288
1432 288  1518 188
1518 188  1403 128
1403 128  950 173
950 173  715 344
715 344  634 563
634 563  447 536

1483 295  1432 288
1432 288  1306 309
1306 309  1046 342
1046 342  960 390
960 390  896 383
896 383  793 358
793 358  694 505
694 505  447 536

1483 295  1432 288
1432 288  1306 309
1306 309  1046 342
1046 342  960 390
960 390  896 383
896 383  793 358
793 358  694 505
694 505  447 536

1736 346  1679 344
1679 344  1722 284
1722 284  1829 334
1829 334  1835 468
1835 468  1872 559
1872 559  2035 643
2035 643  2111 728

1736 346  1679 344
1679 344  1701 400
1701 400  1745 472
1745 472  1835 468
1835 468  1872 559
1872 559  2035 643
2035 643  2111 728

1860 93  1882 157
1882 157  1827 206
1827 206  1699 241
1699 241  1722 284
1722 284  1679 344
1679 344  1701 400
1701 400  1617 507
1617 507  1151 649
1151 649  1094 738
1094 738  962 902
962 902  723 931
723 931  614 1012
614 1012  422 1123
422 1123  150 1304

57 534  177 589
177 589  379 622
379 622  490 629
490 629  727 612
727 612  799 639
799 639  1151 649
1151 649  1683 612
1683 612  1872 559
1872 559  2035 643
2035 643  2138 592

150 1304  422 1123
422 1123  614 1012
614 1012  723 931
723 931  715 837
715 837  799 639
799 639  947 534
947 534  960 390
960 390  1046 342
1046 342  1024 291
1024 291  1015 231
1015 231  950 173
950 173  1362 19

348 705  727 612
727 612  799 639
799 639  1151 649
1151 649  1617 507
1617 507  1745 472

