1957 1982  2377 2403
-150 -125  57 82
-150 -125  150 175
1860 1886  2377 2403
422 447  76 101
1386 1412  1466 1492
962 987  1094 1119
1333 1358  1151 1177
1835 1861  2027 2052
1386 1412  1578 1603
150 175  257 282
257 282  422 447
490 515  348 373
146 171  169 194
177 202  57 82
1872 1898  1984 2009
1267 1292  1386 1412
1403 1428  1362 1387
2138 2163  2035 2060
2111 2137  2035 2060
490 515  505 530
490 515  379 404
1936 1962  1864 1890
1151 1177  1094 1119
902 927  997 1022
715 740  723 748
1965 1990  1872 1898
1965 1990  2035 2060
1769 1795  1681 1706
1782 1807  1864 1890
505 530  579 604
1046 1071  1120 1146
1326 1352  1240 1265
428 453  505 530
1718 1743  1683 1708
1483 1508  1561 1587
766 791  715 740
447 472  486 511
694 719  634 659
1685 1710  1761 1787
1757 1783  1835 1861
715 740  793 818
1957 1982  1878 1904
177 202  131 157
1403 1428  1432 1457
727 752  799 824
1518 1544  1568 1593
814 839  888 913
1882 1908  1827 1853
679 705  614 639
1963 1989  1934 1960
1895 1920  1877 1902
1405 1430  1465 1490
1176 1201  1240 1265
715 740  659 684
1535 1560  1568 1593
1065 1090  1065 1090
1860 1886  1882 1908
1374 1399  1318 1343
440 466  428 453
1895 1920  1829 1854
1318 1343  1254 1280
684 709  727 752
1180 1206  1230 1255
896 921  960 985
1761 1787  1796 1821
570 596  515 540
1741 1766  1679 1704
1524 1549  1465 1490
1617 1642  1635 1661
1306 1331  1293 1319
1015 1041  1024 1049
1578 1603  1609 1634
1005 1030  950 975
1825 1850  1769 1795
1679 1704  1701 1727
1024 1049  1046 1071
1065 1090  1120 1146
943 968  888 913
1491 1516  1535 1560
1701 1727  1730 1756
1306 1331  1359 1385
1578 1603  1535 1560
848 874  902 927
1254 1280  1230 1255
659 684  632 657
1240 1265  1248 1273
1730 1756  1782 1807
1432 1457  1483 1508
1934 1960  1895 1920
947 973  921 946
1722 1747  1699 1725
1040 1065  1069 1094
706 732  659 684
1396 1422  1403 1428
1730 1756  1718 1743
1279 1304  1254 1280
379 404  375 400
1582 1607  1617 1642
1535 1560  1499 1525
1279 1304  1275 1300
950 975  939 964
1625 1651  1606 1632
1302 1327  1306 1331
1650 1675  1679 1704
1757 1783  1745 1770
